2022-09-23 11:53:02.258322, 185, 50
2022-09-23 11:56:48.822141, 205, 60, 15, 39.92449041517438
2022-09-23 12:01:47.356408, 185, 50, 14, 24.09
2022-09-23 12:02:17.551773, 205, 60, 15, 39.92
2022-09-23, 205, 60, 15, 39.92
2022-09-23, 205, 60, 15, 39.92
2022-09-23, 205, 60, 15, 39.92
2022-09-23, 205, 60, 15, 39.92
2022-09-23, 205, 60, 15, 39.92
2022-09-23, 205, 60, 15, 39.92
2022-09-23, 205, 60, 15, 39.92
2022-09-23, 205, 60, 15, 39.92, 208-270-9091
2022-09-23, 205, 60, 15, 39.92
2022-09-23, 205, 60, 15, 39.92
2022-09-23, 205, 60, 15, 39.92, 2082709091
